3899.700  0.090   -1.530   102.2    3.84
3920.300  0.120   -1.750   95.5    3.87
3922.900  0.050   -1.650   102.5    3.91
4005.200  1.557   -0.610   61.5    3.45
4045.800  1.485   0.280    99.6    3.46
4063.600  1.558   0.070    89.8    3.47
4071.700  1.608   -0.020   84.1    3.46
4076.600  3.210   -0.370   6.3     3.62
4132.100  1.608   -0.670   58.2    3.47
4143.900  1.557   -0.460   66.2    3.37
4147.700  1.480   -2.100   7.7     3.48
4156.800  2.830   -0.610   5.0     3.32
4174.900  0.910   -2.970   7.4     3.67
4181.800  2.830   -0.180   10.5    3.24
4187.000  2.449   -0.550   18.6    3.47
4187.800  2.420   -0.510   22.1    3.53
4191.400  2.470   -0.730   13.5    3.51
4195.300  3.330   -0.410   11.1    4.06
4199.100  3.047   0.250    23.9    3.49
4202.000  1.485   -0.700   60.3    3.38
4222.200  2.449   -0.970   8.3     3.48
4227.400  3.332   0.230    15.1    3.57
4233.600  2.583   -0.600   19.0    3.56
4250.100  2.469   -0.400   22.6    3.45
4260.500  2.400   -0.020   44.2    3.44
4271.200  2.449  -0.350   32.7    3.60
4271.800  1.485  -0.160   88.1    3.50
4282.400  2.176   -0.820   16.0    3.33
4325.800  1.608   -0.010   91.2    3.57
4404.800  1.608   -0.140   85.1    3.46
4415.100  0.595   -0.610   61.8    3.44
4447.700  2.223   -1.340   6.0     3.42
4461.700  0.090   -3.200   33.0    3.71
4466.600  2.830   -0.600   6.0     3.37
4494.600  2.198   -1.140   11.7    3.51
4528.600  2.176   -0.820   21.3    3.48
4871.300  2.870   -0.360   10.7    3.43
4872.100  2.882   -0.570   7.8     3.50
4891.500  2.852   -0.110   19.8    3.47
4919.000  2.845   -0.340   11.0    3.42
4920.500  2.832   0.070    23.5    3.36
4994.100  0.920   -3.080   7.5     3.72
5001.900  3.880   0.010    3.1     3.61
5041.100  0.958   -3.090   4.2     3.51
5041.800  1.485   -2.200   8.2     3.54
5049.800  2.280   -1.360   5.5     3.43
5051.600  0.920   -2.800   11.2    3.63
5068.800  2.940   -1.040   3.9     3.70
5110.400  0.000   -3.760   15.9    3.68
5123.700  1.010   -3.070   4.8     3.60
5127.400  0.920   -3.310   3.0     3.52
5166.300  0.000   -4.200   7.8     3.77
5171.600  1.490   -1.790   19.5    3.56
5194.900  1.560   -2.090   6.9     3.42
5232.900  2.940   -0.060   15.6    3.37
5266.600  3.000   -0.390   6.2     3.32
5324.200  3.211   -0.240   7.2     3.48
5328.500  1.557   -1.850   15.0    3.55
5339.900  3.270   -0.720   3.2     3.65
5371.500  0.960   -1.650   62.6    3.63
5383.400  4.310   0.640    2.3     3.32
5397.100  0.920   -1.990   46.8    3.64
5405.800  0.990   -1.840   44.8    3.53
5429.700  0.960   -1.880   48.5    3.60
5434.500  1.010   -2.120   31.5    3.59
5446.900  0.990   -1.910   43.8    3.58
5455.600  1.010   -2.090   33.4    3.59
5506.800  0.990   -2.800   9.4     3.59
4178.862  2.583   -2.480   5.0    3.39
4233.172  2.583   -2.000   20.2   3.59
4416.830  2.778   -2.600   4.9    3.71
4515.339  2.844   -2.480   3.4    3.49
4520.224  2.810   -2.610   2.8    3.50
4555.893  2.828   -2.280   7.3    3.62
