3743.36	26.0 	0.99	-0.79 	  	29.3 	 
3758.23	26.0 	0.96	-0.03 	  	67.0 	 
3763.79	26.0 	0.99	-0.24 	  	57.1 	 	  	  	 
3787.88	26.0 	1.01	-0.86 	  	26.3 	 
3815.84	26.0 	1.48 	0.24 	  	55.8 	 
3820.43	26.0 	0.86 	0.12 	  	81.4 	 
3824.44	26.0 	0.00	-1.36 	  	60.4 	 
3825.88	26.0 	0.91	-0.04 	  	69.8 	 
3827.82	26.0 	1.56 	0.06 	  	46.5 	 
3849.97	26.0 	1.01	-0.97 	  	29.2 	 
3856.37	26.0 	0.05	-1.29 	  	63.0 	 
3859.91	26.0 	0.00	-0.71 	  	87.8 	 
3865.52	26.0 	1.01	-0.98 	  	21.5 	 
3878.02	26.0 	0.96	-0.91 	  	28.0 	 
3878.57	26.0 	0.09	-1.38 	  	52.8 	 	  	  	 
3895.66	26.0 	0.11	-1.67 	  	43.2 	 
3899.71	26.0 	0.09	-1.53 	  	50.5 	 
3920.26	26.0 	0.12	-1.75 	  	37.0 	 
3922.91	26.0 	0.05	-1.65 	  	44.0 	 
4005.24	26.0 	1.56	-0.61 	  	25.9 	 
4045.81	26.0 	1.48 	0.28 	  	60.3 	 
4063.59	26.0 	1.56 	0.07 	  	45.9 	 
4071.74	26.0 	1.61	-0.02 	  	42.2 	  	  	  	 
4143.87	26.0 	1.56	-0.46 	  	21.1 	 	  	  	 
4202.03	26.0 	1.48	-0.70 	  	17.8 	 	  	  	 
4260.47	26.0 	2.40	-0.02 	  	18.4 	 
4271.76	26.0 	1.48	-0.16 	  	50.2 	 
4325.76	26.0 	1.61	-0.01 	  	43.8 	 
4383.55	26.0 	1.48 	0.20 	  	63.0 	 
4404.75	26.0 	1.56	-0.14 	  	43.7 	 	  	  	 
4920.50	26.0 	2.83 	0.07 	  	6.4 	 	  	  	 
5269.54	26.0 	0.86	-1.32 	  	27.1 	 	  	  	 
5328.04	26.0 	0.92	-1.47 	  	21.7 	 
5371.49	26.0 	0.96	-1.65 	  	10.6 	 	  	  	 
5429.70	26.0 	0.96	-1.88 	  	13.5 	 	  	  	 