'FeI'
3743.3620    26.0     0.990    -0.785     -7.679     0.0      49.220
3758.2330    26.0     0.958    -0.027     -7.684     0.0      74.240
3763.7890    26.0     0.990    -0.238     -7.682     0.0      68.340
3787.8800    26.0     1.011    -0.859     -7.682     0.0      46.720
3815.8400    26.0     1.485     0.237     -7.608     0.0      65.540
3820.4250    26.0     0.859     0.119     -7.702     0.0      89.410
3824.4440    26.0     0.000    -1.362     -7.773     0.0      77.920
3825.8810    26.0     0.915    -0.037     -7.697     0.0      82.790
3827.8230    26.0     1.557     0.062     -7.597     0.0      55.880
3840.4380    26.0     0.990    -0.506     -7.688     0.0      59.330
3849.9670    26.0     1.011    -0.871     -7.687     0.0      46.130
3856.3720    26.0     0.052    -1.286     -7.771     0.0      81.800
3859.9110    26.0     0.000    -0.710     -7.777     0.0      99.990
3865.5230    26.0     1.011    -0.982     -7.688     0.0      42.770
3878.0180    26.0     0.958    -0.914     -7.695     0.0      52.410
3878.5730    26.0     0.087    -1.379     -7.768     0.0      73.590
3895.6560    26.0     0.110    -1.670     -7.768     0.0      59.410
3899.7070    26.0     0.087    -1.531     -7.770     0.0      70.860
3920.2580    26.0     0.121    -1.746     -7.768     0.0      61.990
3922.9120    26.0     0.052    -1.651     -7.775     0.0      67.670
4005.2420    26.0     1.557    -0.610     -7.620     0.0      31.150
4045.8120    26.0     1.485     0.280     -7.638     0.0      70.390
4063.5940    26.0     1.557     0.062     -7.627     0.0      62.200
4071.7380    26.0     1.608    -0.022     -7.619     0.0      52.870
4132.0580    26.0     1.608    -0.675     -7.626     0.0      30.390
4143.8680    26.0     1.557    -0.511     -7.636     0.0      36.540
4202.0290    26.0     1.485    -0.708     -7.653     0.0      35.780
4271.7610    26.0     1.485    -0.164     -7.660     0.0      54.500
4325.7620    26.0     1.608     0.006     -7.645     0.0      55.820
4383.5450    26.0     1.485     0.200     -7.669     0.0      69.900
4404.7500    26.0     1.557    -0.142     -7.659     0.0      53.100
4415.1230    26.0     1.608    -0.615     -7.652     0.0      29.760
4920.5030    26.0     2.832     0.068     -7.271     0.0      11.930
5269.5370    26.0     0.859    -1.321     -7.761     0.0      48.710
5429.6970    26.0     0.958    -1.879     -7.755     0.0      20.060
5434.5240    26.0     1.011    -2.122     -7.749     0.0       8.385
