'FeI'
3758.2330    26.0     0.958    -0.027     -7.684     0.0      35.300
3787.8800    26.0     1.011    -0.859     -7.682     0.0      11.940
3815.8400    26.0     1.485     0.237     -7.608     0.0      29.570
3849.9670    26.0     1.011    -0.871     -7.687     0.0      11.160
3856.3720    26.0     0.052    -1.286     -7.771     0.0      31.680
3859.9110    26.0     0.000    -0.710     -7.777     0.0      58.110
3922.9120    26.0     0.052    -1.651     -7.775     0.0      10.890
4045.8120    26.0     1.485     0.280     -7.638     0.0      31.140
4071.7380    26.0     1.608    -0.022     -7.619     0.0      19.550
4383.5450    26.0     1.485     0.200     -7.669     0.0      27.900
4404.7500    26.0     1.557    -0.142     -7.659     0.0      14.660
