'FeI'
3887.0480    26.0     0.915    -1.144     -7.702     0.0      79.310
3899.7070    26.0     0.087    -1.531     -7.770     0.0     102.300
3922.9120    26.0     0.052    -1.651     -7.775     0.0      98.220
4005.2420    26.0     1.557    -0.610     -7.620     0.0      60.540
4045.8120    26.0     1.485     0.280     -7.638     0.0      95.890
4063.5940    26.0     1.557     0.062     -7.627     0.0      79.110
4071.7380    26.0     1.608    -0.022     -7.619     0.0      74.540
4132.0580    26.0     1.608    -0.675     -7.626     0.0      51.640
4143.8680    26.0     1.557    -0.511     -7.636     0.0      60.250
4202.0290    26.0     1.485    -0.708     -7.653     0.0      67.200
4260.4740    26.0     2.399     0.109     -7.274     0.0      42.230
4383.5450    26.0     1.485     0.200     -7.669     0.0     100.500
4404.7500    26.0     1.557    -0.142     -7.659     0.0      73.360
4415.1230    26.0     1.608    -0.615     -7.652     0.0      69.710
4461.6530    26.0     0.087    -3.210     -7.799     0.0      33.480
4918.9940    26.0     2.865    -0.342     -7.264     0.0       9.222
4920.5030    26.0     2.832     0.068     -7.271     0.0      17.130
5269.5370    26.0     0.859    -1.321     -7.761     0.0      77.750
