'FeI'
3758.2330    26.0     0.958    -0.027     -7.684     0.0      48.260
3763.7890    26.0     0.990    -0.238     -7.682     0.0      40.120
3787.8800    26.0     1.011    -0.859     -7.682     0.0       9.677
3815.8400    26.0     1.485     0.237     -7.608     0.0      43.200
3820.4250    26.0     0.859     0.119     -7.702     0.0      60.490
3840.4380    26.0     0.990    -0.506     -7.688     0.0      26.290
3856.3720    26.0     0.052    -1.286     -7.771     0.0      37.270
3859.9110    26.0     0.000    -0.710     -7.777     0.0      70.320
3922.9120    26.0     0.052    -1.651     -7.775     0.0      21.630
4045.8120    26.0     1.485     0.280     -7.638     0.0      47.320
4063.5940    26.0     1.557     0.062     -7.627     0.0      35.920
4202.0290    26.0     1.485    -0.708     -7.653     0.0      15.180
4271.7610    26.0     1.485    -0.164     -7.660     0.0      32.660
4325.7620    26.0     1.608     0.006     -7.645     0.0      30.930
4383.5450    26.0     1.485     0.200     -7.669     0.0      49.370
4491.4050    26.1     2.856    -2.756     -7.880     0.0       4.810
6456.3830    26.1     3.903    -2.185     -7.873     0.0       1.811
