 3440.606    26.0   0.00    -0.673   87.25  3.24 
 3440.990    26.0   0.05    -0.960   76.27  3.23 
 3476.702    26.0   0.12    -1.506   57.53  3.21 
 3490.574    26.0   0.05    -1.105   69.29  3.11 
 3497.841    26.0   0.11    -1.549   53.01  3.10 
 3565.379    26.0   0.96    -0.133   71.57  3.19 
 3608.859    26.0   1.01    -0.090   70.58  3.15 
 3618.768    26.0   0.99    -0.003   72.26  3.09 
 3727.619    26.0   0.96    -0.609   58.12  3.12 
 3743.362    26.0   0.99    -0.790   51.53  3.16 
 3758.233    26.0   0.96    -0.005   79.43  3.15 
 3763.789    26.0   0.99    -0.221   70.53  3.11 
 3786.677    26.0   1.01    -2.185    5.12  3.15 
 3787.880    26.0   1.01    -0.838   46.26  3.10 
 3805.343    26.0   3.30     0.313    5.28  3.16 
 3815.840    26.0   1.48     0.237   70.35  3.16 
 3820.425    26.0   0.86     0.157   90.05  3.16 
 3825.881    26.0   0.91    -0.024   83.05  3.19 
 3827.823    26.0   1.56     0.094   60.29  3.11 
 3849.967    26.0   1.01    -0.863   46.15  3.11 
 3850.818    26.0   0.99    -1.745   14.51  3.19 
 3852.573    26.0   2.18    -1.180    3.16  3.20 
 3859.911    26.0   0.00    -0.710   96.56  3.27 
 3865.523    26.0   1.01    -0.950   42.68  3.12 
 3878.018    26.0   0.96    -0.896   48.20  3.13 
 3895.656    26.0   0.11    -1.668   60.08  3.25 
 3899.707    26.0   0.09    -1.515   67.68  3.28 
 3902.946    26.0   1.56    -0.442   38.99  3.13 
 3917.181    26.0   0.99    -2.155    6.60  3.19 
 3920.258    26.0   0.12    -1.734   57.12  3.23 
 3922.912    26.0   0.05    -1.626   65.41  3.29 
 3940.878    26.0   0.96    -2.600    2.65  3.18 
 3977.741    26.0   2.20    -1.120    4.29  3.29 
 4005.242    26.0   1.56    -0.583   34.47  3.16 
 4045.812    26.0   1.49     0.284   74.88  3.21 
 4063.594    26.0   1.56     0.062   61.47  3.12 
 4071.738    26.0   1.61    -0.008   57.47  3.15 
 4132.058    26.0   1.61    -0.675   29.32  3.18 
 4134.678    26.0   2.83    -0.649    2.82  3.30 
 4143.414    26.0   3.05    -0.200    2.48  3.03 
 4143.868    26.0   1.56    -0.511   36.46  3.11 
 4147.669    26.0   1.48    -2.071    2.38  3.17 
 4154.498    26.0   2.83    -0.688    2.32  3.25 
 4181.755    26.0   2.83    -0.371    4.23  3.20 
 4187.039    26.0   2.45    -0.514    7.25  3.18 
 4187.795    26.0   2.42    -0.510    8.00  3.19 
 4191.430    26.0   2.47    -0.666    4.42  3.13 
 4199.095    26.0   3.05     0.156    7.72  3.18 
 4202.029    26.0   1.49    -0.689   34.27  3.16 
 4216.184    26.0   0.00    -3.357    7.05  3.30 
 4222.213    26.0   2.45    -0.914    2.91  3.15 
 4227.427    26.0   3.33     0.266    6.74  3.31 
 4233.603    26.0   2.48    -0.579    6.52  3.22 
 4250.119    26.0   2.47    -0.380   10.60  3.25 
 4250.787    26.0   1.56    -0.713   31.23  3.19 
 4260.474    26.0   2.40     0.077   25.14  3.17 
 4271.154    26.0   2.45    -0.337    9.56  3.13 
 4271.760    26.0   1.49    -0.173   58.70  3.17 
 4282.403    26.0   2.18    -0.779    7.37  3.15 
 4325.762    26.0   1.61     0.006   57.65  3.09 
 4375.930    26.0   0.00    -3.005   11.63  3.17 
 4383.545    26.0   1.48     0.200   75.10  3.21 
 4404.750    26.0   1.56    -0.147   58.91  3.22 
 4415.122    26.0   1.61    -0.621   32.48  3.16 
 4427.310    26.0   0.05    -2.924   11.30  3.13 
 4459.118    26.0   2.18    -1.279    3.35  3.28 
 4461.653    26.0   0.09    -3.194    6.81  3.19 
 4466.552    26.0   2.83    -0.600    3.28  3.29 
 4494.563    26.0   2.20    -1.143    3.22  3.13 
 4528.614    26.0   2.18    -0.822    7.46  3.18 
 4531.148    26.0   1.48    -2.101    2.28  3.15 
 4602.941    26.0   1.49    -2.208    2.34  3.26 
 4871.318    26.0   2.87    -0.362    3.46  3.10 
 4872.137    26.0   2.88    -0.567    2.28  3.13 
 4890.755    26.0   2.88    -0.394    4.31  3.23 
 4891.492    26.0   2.85    -0.111    6.92  3.14 
 4918.994    26.0   2.85    -0.342    3.50  3.06 
 4920.503    26.0   2.83     0.068   11.62  3.19 
 5012.068    26.0   0.86    -2.642    3.77  3.19 
 5110.413    26.0   0.00    -3.760    3.27  3.28 
 5171.596    26.0   1.49    -1.721    5.57  3.14 
 5194.942    26.0   1.56    -2.021    3.09  3.24 
 5216.274    26.0   1.61    -2.082    2.12  3.18 
 5232.940    26.0   2.94    -0.057    5.34  3.05 
 5266.555    26.0   3.00    -0.385    2.30  3.06 
 5269.537    26.0   0.86    -1.333   48.31  3.30 
 5324.179    26.0   3.21    -0.103    3.12  3.13 
 5328.039    26.0   0.92    -1.466   34.17  3.21 
 5328.531    26.0   1.56    -1.850    3.75  3.15 
 5371.489    26.0   0.96    -1.644   24.50  3.21 
 5397.128    26.0   0.92    -1.982   14.34  3.20 
 5405.775    26.0   0.99    -1.852   14.53  3.16 
 5429.696    26.0   0.96    -1.881   15.70  3.20 
 5434.524    26.0   1.01    -2.126    8.59  3.20 
 5446.917    26.0   0.99    -1.910   15.00  3.23 
 5455.609    26.0   1.01    -2.090    9.77  3.22 
 5586.756    26.0   3.37    -0.144    2.60  3.26 
 5615.644    26.0   3.33     0.050    3.69  3.18 
 6494.980    26.0   2.40    -1.239    2.33  3.20 
 4233.170    26.1   2.58    -1.970    5.16  3.27 
 4583.840    26.1   2.81    -1.930    2.96  3.21 
 4923.930    26.1   2.89    -1.320    8.33  3.14 
 5018.450    26.1   2.89    -1.220   10.72  3.16